--Coruption 0.05

Erate: 
 [-0.29999999999999999, 0.32528571428571429, -0.33333333333333331, -0.29999999999999999, -0.33333333333333331, -0.29999999999999999, -0.33333333333333331, -0.29999999999999999, -0.2857142857142857, -0.33333333333333331, -0.33333333333333331, -0.33333333333333331, -0.29999999999999999, -0.33333333333333331, -0.2857142857142857, -0.33333333333333331, -0.33333333333333331, -0.2857142857142857, -0.2857142857142857, -0.33333333333333331, -0.33333333333333331, -0.33333333333333331, -0.29999999999999999, -0.29999999999999999, -0.29999999999999999, -0.2857142857142857, -0.2857142857142857, -0.2857142857142857, -0.33333333333333331, -0.2857142857142857]

lengths: 
 [12, 31, 48, 65, 91, 107, 137, 150, 174, 184, 208, 232, 251, 271, 283, 305, 328, 353, 372, 387, 408, 428, 447, 469, 491, 511, 525, 549, 563, 584]

​
--Corruption 0.04

Erate: 
 [-0.1647142857142857, -0.33333333333333331, 0.7132857142857143, -0.33333333333333331, -0.2857142857142857, -0.33333333333333331, -0.29999999999999999, -0.2857142857142857, -0.29999999999999999, -0.2857142857142857, -0.33333333333333331, -0.33333333333333331, -0.2857142857142857, -0.29999999999999999, -0.2857142857142857, -0.33333333333333331, -0.33333333333333331, -0.2857142857142857, -0.2857142857142857, -0.2857142857142857, -0.2857142857142857, -0.2857142857142857, -0.2857142857142857, -0.2857142857142857, -0.2857142857142857, -0.2857142857142857, -0.2857142857142857, -0.33333333333333331, -0.33333333333333331, -0.2857142857142857]

lengths: 
 [13, 35, 52, 63, 84, 111, 127, 145, 173, 187, 210, 227, 248, 270, 285, 309, 324, 351, 368, 393, 406, 428, 450, 468, 488, 506, 529, 546, 566, 584]

--Corruption 0.03

Erate: 
 [0.186, -0.0060000000000000053, -0.054714285714285688, -0.2857142857142857, -0.2857142857142857, 0.22828571428571431, -0.33333333333333331, -0.33333333333333331, -0.33333333333333331, -0.33333333333333331, -0.29999999999999999, -0.2857142857142857, -0.2857142857142857, -0.33333333333333331, -0.33333333333333331, -0.2857142857142857, -0.33333333333333331, -0.33333333333333331, -0.33333333333333331, -0.2857142857142857, -0.2857142857142857, -0.2857142857142857, -0.2857142857142857, -0.29999999999999999, -0.29999999999999999, -0.2857142857142857, -0.29999999999999999, -0.33333333333333331, -0.2857142857142857, -0.2857142857142857]

lengths: 
 [9, 31, 50, 72, 89, 106, 131, 152, 171, 186, 207, 230, 250, 266, 288, 306, 327, 344, 365, 390, 410, 433, 450, 468, 488, 507, 532, 547, 562, 583]